MIN=0	-3	-1000	0	
MAX=160	3	1000	5	
SCALE=50	1	500	1	
DEC=1	3	0	3	
DEF="Zeit" t / s	"Strom" I_A1 / A	"Magn. Flussdichte" B_B1 / mT	"Frequenz" f / Hz	
0	0	10	NAN	
0,1	0,0015	10	NAN	
0,2	0	10	NAN	
0,3	0	10	NAN	
0,4	0	10	NAN	
0,5	0	10	NAN	
0,6	0,0015	10	NAN	
0,7	0	10	NAN	
0,8	0,0015	10	NAN	
0,9	-0,0015	10	NAN	
1	0,0015	9,5	NAN	
1,1	0,0015	10	NAN	
1,2	-0,0015	10	NAN	
1,3	0	9,5	NAN	
1,4	0	9,5	NAN	
1,5	0	10	NAN	
1,6	0	10	NAN	
1,7	0	10	NAN	
1,8	-0,0015	10	NAN	
1,9	0	10	NAN	
2	0	10	NAN	
2,1	0	10	NAN	
2,2	0,0015	10	NAN	
2,3	0	10	NAN	
2,4	0	10	NAN	
2,5	0	9,5	NAN	
2,6	0,0015	10	NAN	
2,7	0,0015	9,5	NAN	
2,8	0	9,5	NAN	
2,9	0	10	NAN	
3	0,0015	10	NAN	
3,1	0	10	NAN	
3,2	0	10	NAN	
3,3	0	10	NAN	
3,4	0,003	10	NAN	
3,5	0,0015	10	NAN	
3,6	0,0045	10	NAN	
3,7	0,006	10,5	NAN	
3,8	0,0075	10,5	NAN	
3,9	0,012	11,5	NAN	
4	0,0225	13,5	NAN	
4,1	0,0285	15	NAN	
4,2	0,033	16,5	NAN	
4,3	0,0435	19	NAN	
4,4	0,057	22,5	NAN	
4,5	0,072	26	NAN	
4,6	0,084	30,5	NAN	
4,7	0,096	34,5	NAN	
4,8	0,114	40	NAN	
4,9	0,1275	45,5	NAN	
5	0,138	50	NAN	
5,1	0,15	54,5	NAN	
5,2	0,159	59	NAN	
5,3	0,168	62,5	NAN	
5,4	0,1785	66,5	NAN	
5,5	0,192	71	NAN	
5,6	0,204	76,5	NAN	
5,7	0,2175	83	NAN	
5,8	0,2355	90	NAN	
5,9	0,2445	95,5	NAN	
6	0,255	100	NAN	
6,1	0,261	103	NAN	
6,2	0,2655	106,5	NAN	
6,3	0,2745	109,5	NAN	
6,4	0,279	112,5	NAN	
6,5	0,2865	115,5	NAN	
6,6	0,2955	119	NAN	
6,7	0,3015	122,5	NAN	
6,8	0,3105	126	NAN	
6,9	0,321	131	NAN	
7	0,33	135,5	NAN	
7,1	0,342	141	NAN	
7,2	0,348	144,5	NAN	
7,3	0,354	147,5	NAN	
7,4	0,363	151	NAN	
7,5	0,378	157,5	NAN	
7,6	0,3885	162,5	NAN	
7,7	0,3945	166,5	NAN	
7,8	0,4005	170	NAN	
7,9	0,4065	172	NAN	
8	0,408	173,5	NAN	
8,1	0,4035	174	NAN	
8,2	0,4005	173,5	NAN	
8,3	0,3975	173	NAN	
8,4	0,4125	175,5	NAN	
8,5	0,441	185,5	NAN	
8,6	0,48	201,5	NAN	
8,7	0,513	217	NAN	
8,8	0,5385	230	NAN	
8,9	0,5655	242,5	NAN	
9	0,5895	253,5	NAN	
9,1	0,606	262,5	NAN	
9,2	0,63	272,5	NAN	
9,3	0,654	283,5	NAN	
9,4	0,666	290,5	NAN	
9,5	0,675	295,5	NAN	
9,6	0,6825	298	NAN	
9,7	0,6855	301	NAN	
9,8	0,6915	302,5	NAN	
9,9	0,6915	304	NAN	
10	0,708	309	NAN	
10,1	0,7365	319,5	NAN	
10,2	0,7605	330	NAN	
10,3	0,786	340	NAN	
10,4	0,8055	348,5	NAN	
10,5	0,8205	355,5	NAN	
10,6	0,837	362,5	NAN	
10,7	0,858	370	NAN	
10,8	0,882	379	NAN	
10,9	0,9075	389,5	NAN	
11	0,9285	397,5	NAN	
11,1	0,948	405	NAN	
11,2	0,9705	414	NAN	
11,3	0,99	422	NAN	
11,4	1,0155	431	NAN	
11,5	1,0395	439,5	NAN	
11,6	1,0575	447	NAN	
11,7	1,068	452	NAN	
11,8	1,083	457	NAN	
11,9	1,0935	461,5	NAN	
12	1,107	466,5	NAN	
12,1	1,1265	472	NAN	
12,2	1,1385	477	NAN	
12,3	1,149	481	NAN	
12,4	1,158	485	NAN	
12,5	1,1685	489	NAN	
12,6	1,185	493,5	NAN	
12,7	1,2	499	NAN	
12,8	1,2255	506	NAN	
12,9	1,251	515	NAN	
13	1,272	522	NAN	
13,1	1,284	527,5	NAN	
13,2	1,2915	531	NAN	
13,3	1,293	533	NAN	
13,4	1,296	534	NAN	
13,5	1,308	536,5	NAN	
13,6	1,3305	543	NAN	
13,7	1,359	551	NAN	
13,8	1,383	559	NAN	
13,9	1,4145	568	NAN	
14	1,4445	577,5	NAN	
14,1	1,473	587,5	NAN	
14,2	1,509	599	NAN	
14,3	1,5315	607	NAN	
14,4	1,5555	614,5	NAN	
14,5	1,5765	622	NAN	
14,6	1,5975	628	NAN	
14,7	1,6095	633	NAN	
14,8	1,623	637	NAN	
14,9	1,6305	640	NAN	
15	1,6365	642,5	NAN	
15,1	1,647	645,5	NAN	
15,2	1,6515	648	NAN	
15,3	1,659	649,5	NAN	
15,4	1,6605	651	NAN	
15,5	1,662	651,5	NAN	
15,6	1,6635	652	NAN	
15,7	1,6785	654,5	NAN	
15,8	1,7175	663	NAN	
15,9	1,7445	672,5	NAN	
16	1,7685	679,5	NAN	
16,1	1,7895	687	NAN	
16,2	1,812	694	NAN	
16,3	1,83	699,5	NAN	
16,4	1,8435	703,5	NAN	
16,5	1,863	708,5	NAN	
16,6	1,875	713,5	NAN	
16,7	1,8825	716	NAN	
16,8	1,905	720,5	NAN	
16,9	1,9245	726	NAN	
17	1,9515	733	NAN	
17,1	1,974	739,5	NAN	
17,2	1,9785	742,5	NAN	
17,3	1,986	745,5	NAN	
17,4	1,9905	747	NAN	
17,5	1,9905	748	NAN	
17,6	1,9935	748,5	NAN	
17,7	2,007	751	NAN	
17,8	2,037	757	NAN	
17,9	2,064	764	NAN	
18	2,079	769	NAN	
18,1	2,094	774	NAN	
18,2	2,1015	776,5	NAN	
18,3	2,124	781,5	NAN	
18,4	2,1435	786,5	NAN	
18,5	2,16	791	NAN	
18,6	2,175	795	NAN	
18,7	2,1885	799	NAN	
18,8	2,199	802	NAN	
18,9	2,199	803,5	NAN	
19	2,1975	804	NAN	
19,1	2,196	803,5	NAN	
19,2	2,1975	804	NAN	
19,3	2,205	804,5	NAN	
19,4	2,2245	808,5	NAN	
19,5	2,2545	814,5	NAN	
19,6	2,2815	821	NAN	
19,7	2,304	827,5	NAN	
19,8	2,3265	832,5	NAN	
19,9	2,346	837,5	NAN	
20	2,3775	843,5	NAN	
20,1	2,424	853,5	NAN	
20,2	2,4405	859,5	NAN	
20,3	2,4495	863	NAN	
20,4	2,457	865	NAN	
20,5	2,4585	866	NAN	
20,6	2,448	865,5	NAN	
20,7	2,46	866	NAN	
20,8	2,454	866	NAN	
20,9	2,46	866,5	NAN	
21	2,4705	868	NAN	
21,1	2,4915	872	NAN	
21,2	2,523	878	NAN	
21,3	2,5395	882	NAN	
21,4	2,571	888	NAN	
21,5	2,595	893,5	NAN	
21,6	2,6085	897	NAN	
21,7	2,619	900	NAN	
21,8	2,622	901	NAN	
21,9	2,6295	902	NAN	
22	2,619	902	NAN	
22,1	2,6175	901,5	NAN	
22,2	2,6235	902	NAN	
22,3	2,625	902	NAN	
22,4	2,6295	902,5	NAN	
22,5	2,628	903	NAN	
22,6	2,6295	903	NAN	
22,7	2,643	905	NAN	
22,8	2,667	908,5	NAN	
22,9	2,682	912,5	NAN	
23	2,6895	914,5	NAN	
23,1	2,7045	917	NAN	
23,2	2,7105	919	NAN	
23,3	2,715	920	NAN	
23,4	2,7165	921	NAN	
23,5	2,7135	921	NAN	
23,6	2,7015	920	NAN	
23,7	2,7	919	NAN	
23,8	2,706	920	NAN	
23,9	2,718	921	NAN	
24	2,7285	922	NAN	
24,1	2,745	924,5	NAN	
24,2	2,757	927	NAN	
24,3	2,76	928	NAN	
24,4	2,7705	930	NAN	
24,5	2,781	932	NAN	
24,6	2,781	932,5	NAN	
24,7	2,7885	933,5	NAN	
24,8	2,7855	934	NAN	
24,9	2,787	933,5	NAN	
25	2,784	933,5	NAN	
25,1	2,802	936	NAN	
25,2	2,8245	939	NAN	
25,3	2,8515	943,5	NAN	
25,4	2,862	946	NAN	
25,5	2,871	948	NAN	
25,6	2,874	949,5	NAN	
25,7	2,877	949,5	NAN	
25,8	2,8725	949,5	NAN	
25,9	2,8755	950	NAN	
26	2,8755	950	NAN	
26,1	2,883	950,5	NAN	
26,2	2,9025	953,5	NAN	
26,3	2,9085	955	NAN	
26,4	2,9175	956,5	NAN	
26,5	2,9265	958	NAN	
26,6	2,928	958,5	NAN	
26,7	2,925	958,5	NAN	
26,8	2,925	958,5	NAN	
26,9	2,925	958,5	NAN	
27	2,9265	958,5	NAN	
27,1	2,928	959	NAN	
27,2	2,931	959	NAN	
27,3	2,9475	961,5	NAN	
27,4	2,958	963	NAN	
27,5	2,97	965	NAN	
27,6	2,967	966	NAN	
27,7	2,979	966,5	NAN	
27,8	2,9835	967,5	NAN	
27,9	2,9805	967,5	NAN	
28	2,9895	968,5	NAN	
28,1	2,9955	969,5	NAN	
28,2	2,9985	970,5	NAN	
28,3	3,0105	971,5	NAN	
28,4	3,0165	973	NAN	
28,5	3,018	973,5	NAN	
28,6	3,0195	974	NAN	
28,7	3,0165	973,5	NAN	
28,8	3,0195	974	NAN	
28,9	3,021	974,5	NAN	
29	3,024	974,5	NAN	
29,1	3,0075	973,5	NAN	
29,2	2,979	971,5	NAN	
29,3	2,976	971	NAN	
29,4	2,9775	970,5	NAN	
29,5	2,9655	970	NAN	
29,6	2,9565	969,5	NAN	
29,7	2,9535	969	NAN	
29,8	2,9235	966,5	NAN	
29,9	2,925	966	NAN	
30	2,922	966	NAN	
30,1	2,9235	966	NAN	
30,2	2,8995	964	NAN	
30,3	2,904	964	NAN	
30,4	2,913	964,5	NAN	
30,5	2,9235	965,5	NAN	
30,6	2,931	966,5	NAN	
30,7	2,9235	966	NAN	
30,8	2,928	966	NAN	
30,9	2,9355	966,5	NAN	
31	2,9295	966	NAN	
31,1	2,925	966	NAN	
31,2	2,934	966,5	NAN	
31,3	2,931	966,5	NAN	
31,4	2,9295	966	NAN	
31,5	2,9115	965,5	NAN	
31,6	2,877	962,5	NAN	
31,7	2,85	959,5	NAN	
31,8	2,8335	957,5	NAN	
31,9	2,8215	956,5	NAN	
32	2,7975	954	NAN	
32,1	2,7915	953	NAN	
32,2	2,7645	950	NAN	
32,3	2,748	948	NAN	
32,4	2,7165	944,5	NAN	
32,5	2,691	941,5	NAN	
32,6	2,6955	941,5	NAN	
32,7	2,6955	941	NAN	
32,8	2,691	941	NAN	
32,9	2,6805	939	NAN	
33	2,6505	937	NAN	
33,1	2,5965	929,5	NAN	
33,2	2,565	925	NAN	
33,3	2,553	922,5	NAN	
33,4	2,5455	921	NAN	
33,5	2,5185	918	NAN	
33,6	2,517	916,5	NAN	
33,7	2,5155	916,5	NAN	
33,8	2,502	915	NAN	
33,9	2,478	911,5	NAN	
34	2,4615	908	NAN	
34,1	2,4435	905,5	NAN	
34,2	2,433	903,5	NAN	
34,3	2,418	900,5	NAN	
34,4	2,3955	897,5	NAN	
34,5	2,382	894,5	NAN	
34,6	2,373	892,5	NAN	
34,7	2,3505	889,5	NAN	
34,8	2,34	886,5	NAN	
34,9	2,3295	885	NAN	
35	2,31	882	NAN	
35,1	2,289	878	NAN	
35,2	2,2755	875	NAN	
35,3	2,2545	871	NAN	
35,4	2,2365	867,5	NAN	
35,5	2,2065	862	NAN	
35,6	2,169	855	NAN	
35,7	2,151	850	NAN	
35,8	2,136	846,5	NAN	
35,9	2,121	842,5	NAN	
36	2,1165	840,5	NAN	
36,1	2,1165	840	NAN	
36,2	2,115	839,5	NAN	
36,3	2,1135	839	NAN	
36,4	2,1165	839	NAN	
36,5	2,103	838	NAN	
36,6	2,0775	833,5	NAN	
36,7	2,052	828	NAN	
36,8	2,0205	821,5	NAN	
36,9	1,989	814	NAN	
37	1,9665	808	NAN	
37,1	1,9395	801	NAN	
37,2	1,9185	795,5	NAN	
37,3	1,893	789	NAN	
37,4	1,878	784	NAN	
37,5	1,869	781,5	NAN	
37,6	1,8675	780	NAN	
37,7	1,863	779	NAN	
37,8	1,8495	776	NAN	
37,9	1,83	772	NAN	
38	1,8105	766,5	NAN	
38,1	1,779	760	NAN	
38,2	1,7505	753	NAN	
38,3	1,7235	745	NAN	
38,4	1,6965	737,5	NAN	
38,5	1,6695	730	NAN	
38,6	1,6485	723,5	NAN	
38,7	1,614	714,5	NAN	
38,8	1,5825	706	NAN	
38,9	1,554	697	NAN	
39	1,527	688,5	NAN	
39,1	1,4985	680,5	NAN	
39,2	1,4715	672	NAN	
39,3	1,4535	665,5	NAN	
39,4	1,431	659	NAN	
39,5	1,4115	652,5	NAN	
39,6	1,401	648	NAN	
39,7	1,3935	645	NAN	
39,8	1,3905	643,5	NAN	
39,9	1,3875	642	NAN	
40	1,3755	639,5	NAN	
40,1	1,356	635	NAN	
40,2	1,332	628,5	NAN	
40,3	1,3155	622,5	NAN	
40,4	1,302	617	NAN	
40,5	1,2825	611,5	NAN	
40,6	1,2615	605	NAN	
40,7	1,248	599,5	NAN	
40,8	1,2375	596	NAN	
40,9	1,2165	590,5	NAN	
41	1,1925	583,5	NAN	
41,1	1,173	576,5	NAN	
41,2	1,1505	570	NAN	
41,3	1,1265	561,5	NAN	
41,4	1,1055	554,5	NAN	
41,5	1,0875	547,5	NAN	
41,6	1,0695	541,5	NAN	
41,7	1,0455	533,5	NAN	
41,8	1,02	525,5	NAN	
41,9	1,0035	518,5	NAN	
42	0,981	511	NAN	
42,1	0,945	500,5	NAN	
42,2	0,9285	493	NAN	
42,3	0,909	485	NAN	
42,4	0,882	476	NAN	
42,5	0,8565	467	NAN	
42,6	0,834	457,5	NAN	
42,7	0,8145	450	NAN	
42,8	0,795	443	NAN	
42,9	0,7755	435	NAN	
43	0,7665	430,5	NAN	
43,1	0,7635	428	NAN	
43,2	0,7605	426	NAN	
43,3	0,756	424,5	NAN	
43,4	0,747	422,5	NAN	
43,5	0,7305	416,5	NAN	
43,6	0,705	408	NAN	
43,7	0,678	398,5	NAN	
43,8	0,651	388	NAN	
43,9	0,621	375	NAN	
44	0,5895	362,5	NAN	
44,1	0,555	348	NAN	
44,2	0,522	334	NAN	
44,3	0,495	321	NAN	
44,4	0,468	308,5	NAN	
44,5	0,4395	296	NAN	
44,6	0,408	281,5	NAN	
44,7	0,372	265	NAN	
44,8	0,345	251	NAN	
44,9	0,327	240,5	NAN	
45	0,303	229,5	NAN	
45,1	0,2865	221	NAN	
45,2	0,2775	215	NAN	
45,3	0,2715	210,5	NAN	
45,4	0,2595	206	NAN	
45,5	0,2415	198	NAN	
45,6	0,2115	184,5	NAN	
45,7	0,177	169,5	NAN	
45,8	0,1455	154	NAN	
45,9	0,1185	140	NAN	
46	0,0945	127	NAN	
46,1	0,072	116	NAN	
46,2	0,057	107	NAN	
46,3	0,0435	98,5	NAN	
46,4	0,0315	92,5	NAN	
46,5	0,0255	87,5	NAN	
46,6	0,0165	84	NAN	
46,7	0,0135	81	NAN	
46,8	0,012	79,5	NAN	
46,9	0,0105	77,5	NAN	
47	0,0075	76,5	NAN	
47,1	0,006	75,5	NAN	
47,2	0,0045	75	NAN	
47,3	0,0045	74	NAN	
47,4	0,0045	73,5	NAN	
47,5	0,0015	73	NAN	
47,6	0,0045	73	NAN	
47,7	0,003	72,5	NAN	
47,8	0	72,5	NAN	
47,9	0,0015	72,5	NAN	
48	0,0045	72,5	NAN	
48,1	0,003	72	NAN	
48,2	0	72	NAN	
48,3	0,0015	72	NAN	
48,4	0,0015	72	NAN	
48,5	0,0015	72	NAN	
48,6	0,0015	72	NAN	
48,7	0,003	72	NAN	
48,8	0,0015	72	NAN	
48,9	0,0015	72	NAN	
49	0,0015	71,5	NAN	
49,1	0,0015	72	NAN	
49,2	0,0015	71,5	NAN	
49,3	-0,0015	71,5	NAN	
49,4	0	71,5	NAN	
49,5	0	71	NAN	
49,6	0,0015	71	NAN	
49,7	0	70,5	NAN	
49,8	0	71	NAN	
49,9	-0,0015	71	NAN	
50	0,0015	71	NAN	
50,1	0	71	NAN	
50,2	0,0015	71	NAN	
50,3	0,0015	71	NAN	
50,4	0,0015	71	NAN	
50,5	0	70,5	NAN	
50,6	0,0015	71	NAN	
50,7	0	71	NAN	
50,8	0	71	NAN	
50,9	0	71	NAN	
51	0	71	NAN	
51,1	0	71	NAN	
51,2	0	70,5	NAN	
51,3	0	71	NAN	
51,4	0	71	NAN	
51,5	0	70,5	NAN	
51,6	-0,0015	70,5	NAN	
51,7	0	70,5	NAN	
51,8	0	71	NAN	
51,9	0	71	NAN	
52	0	70,5	NAN	
52,1	-0,0015	71	NAN	
52,2	0,0015	71	NAN	
52,3	0	71	NAN	
52,4	0	70,5	NAN	
52,5	-0,0015	71	NAN	
52,6	0	70,5	NAN	
52,7	0	70,5	NAN	
52,8	0	70,5	NAN	
52,9	0,0015	71	NAN	
53	0	70,5	NAN	
53,1	-0,0015	71	NAN	
53,2	-0,0015	70,5	NAN	
53,3	-0,0015	71	NAN	
53,4	0,0015	71	NAN	
53,5	-0,015	68	NAN	
53,6	-0,0525	53	NAN	
53,7	-0,066	43	NAN	
53,8	-0,0795	36	NAN	
53,9	-0,084	32,5	NAN	
54	-0,105	26	NAN	
54,1	-0,114	20	NAN	
54,2	-0,132	12	NAN	
54,3	-0,144	4,5	NAN	
54,4	-0,156	-1	NAN	
54,5	-0,1725	-7,5	NAN	
54,6	-0,1845	-15	NAN	
54,7	-0,1935	-21	NAN	
54,8	-0,2055	-25,5	NAN	
54,9	-0,2085	-29	NAN	
55	-0,2145	-31,5	NAN	
55,1	-0,2235	-35,5	NAN	
55,2	-0,2445	-43,5	NAN	
55,3	-0,2715	-55	NAN	
55,4	-0,2985	-67,5	NAN	
55,5	-0,324	-80	NAN	
55,6	-0,348	-91	NAN	
55,7	-0,3735	-102,5	NAN	
55,8	-0,375	-110	NAN	
55,9	-0,3735	-111,5	NAN	
56	-0,3735	-112,5	NAN	
56,1	-0,375	-113,5	NAN	
56,2	-0,405	-119	NAN	
56,3	-0,435	-132	NAN	
56,4	-0,462	-144,5	NAN	
56,5	-0,477	-155	NAN	
56,6	-0,489	-161,5	NAN	
56,7	-0,534	-176,5	NAN	
56,8	-0,5745	-195,5	NAN	
56,9	-0,5925	-207,5	NAN	
57	-0,591	-212	NAN	
57,1	-0,591	-214,5	NAN	
57,2	-0,594	-216,5	NAN	
57,3	-0,6165	-220	NAN	
57,4	-0,66	-235	NAN	
57,5	-0,699	-251,5	NAN	
57,6	-0,729	-266,5	NAN	
57,7	-0,7365	-274	NAN	
57,8	-0,7395	-279	NAN	
57,9	-0,75	-284	NAN	
58	-0,7605	-288	NAN	
58,1	-0,7755	-294	NAN	
58,2	-0,7905	-300,5	NAN	
58,3	-0,8085	-308	NAN	
58,4	-0,813	-312	NAN	
58,5	-0,8235	-316	NAN	
58,6	-0,822	-318,5	NAN	
58,7	-0,8205	-319,5	NAN	
58,8	-0,822	-320,5	NAN	
58,9	-0,831	-322	NAN	
59	-0,879	-334	NAN	
59,1	-0,9225	-351	NAN	
59,2	-0,957	-365,5	NAN	
59,3	-0,9945	-381	NAN	
59,4	-1,026	-394,5	NAN	
59,5	-1,0545	-407,5	NAN	
59,6	-1,0845	-419,5	NAN	
59,7	-1,0935	-427,5	NAN	
59,8	-1,107	-434	NAN	
59,9	-1,1295	-441	NAN	
60	-1,143	-446,5	NAN	
60,1	-1,152	-452,5	NAN	
60,2	-1,1685	-460,5	NAN	
60,3	-1,1715	-463,5	NAN	
60,4	-1,1685	-464,5	NAN	
60,5	-1,146	-462,5	NAN	
60,6	-1,1445	-462	NAN	
60,7	-1,1595	-463,5	NAN	
60,8	-1,2075	-471,5	NAN	
60,9	-1,2615	-487,5	NAN	
61	-1,305	-503,5	NAN	
61,1	-1,356	-520,5	NAN	
61,2	-1,3935	-536	NAN	
61,3	-1,407	-546,5	NAN	
61,4	-1,407	-550,5	NAN	
61,5	-1,407	-553	NAN	
61,6	-1,4055	-554	NAN	
61,7	-1,4685	-566	NAN	
61,8	-1,494	-576,5	NAN	
61,9	-1,518	-585,5	NAN	
62	-1,5435	-594	NAN	
62,1	-1,5705	-603	NAN	
62,2	-1,5975	-612	NAN	
62,3	-1,623	-620,5	NAN	
62,4	-1,641	-628	NAN	
62,5	-1,656	-633,5	NAN	
62,6	-1,6725	-639	NAN	
62,7	-1,6935	-645	NAN	
62,8	-1,7085	-651	NAN	
62,9	-1,722	-655,5	NAN	
63	-1,7415	-661	NAN	
63,1	-1,7565	-666,5	NAN	
63,2	-1,764	-670	NAN	
63,3	-1,77	-672,5	NAN	
63,4	-1,7715	-674	NAN	
63,5	-1,7895	-677,5	NAN	
63,6	-1,821	-684,5	NAN	
63,7	-1,854	-693,5	NAN	
63,8	-1,872	-701	NAN	
63,9	-1,8945	-707	NAN	
64	-1,914	-713,5	NAN	
64,1	-1,932	-719	NAN	
64,2	-1,9395	-722,5	NAN	
64,3	-1,9455	-725	NAN	
64,4	-1,9485	-726,5	NAN	
64,5	-1,9575	-728,5	NAN	
64,6	-1,98	-733	NAN	
64,7	-2,0025	-739	NAN	
64,8	-2,0265	-745,5	NAN	
64,9	-2,0565	-753	NAN	
65	-2,076	-759	NAN	
65,1	-2,0895	-763,5	NAN	
65,2	-2,097	-767,5	NAN	
65,3	-2,1075	-770,5	NAN	
65,4	-2,1105	-772	NAN	
65,5	-2,112	-773	NAN	
65,6	-2,1075	-773	NAN	
65,7	-2,115	-773	NAN	
65,8	-2,1255	-775,5	NAN	
65,9	-2,1435	-780	NAN	
66	-2,1645	-784,5	NAN	
66,1	-2,187	-789,5	NAN	
66,2	-2,2035	-793,5	NAN	
66,3	-2,208	-796	NAN	
66,4	-2,211	-798	NAN	
66,5	-2,2155	-800,5	NAN	
66,6	-2,214	-800,5	NAN	
66,7	-2,217	-802	NAN	
66,8	-2,22	-801	NAN	
66,9	-2,2275	-801,5	NAN	
67	-2,244	-806,5	NAN	
67,1	-2,2575	-809,5	NAN	
67,2	-2,268	-811	NAN	
67,3	-2,2845	-817	NAN	
67,4	-2,3145	-822,5	NAN	
67,5	-2,3445	-830,5	NAN	
67,6	-2,3565	-835,5	NAN	
67,7	-2,3595	-836,5	NAN	
67,8	-2,367	-835,5	NAN	
67,9	-2,364	-839	NAN	
68	-2,3565	-838,5	NAN	
68,1	-2,346	-835	NAN	
68,2	-2,3715	-837,5	NAN	
68,3	-2,376	-840	NAN	
68,4	-2,3835	-843	NAN	
68,5	-2,406	-847	NAN	
68,6	-2,436	-852,5	NAN	
68,7	-2,472	-858	NAN	
68,8	-2,5035	-863,5	NAN	
68,9	-2,5215	-872,5	NAN	
69	-2,517	-873	NAN	
69,1	-2,547	-874	NAN	
69,2	-2,5605	-879,5	NAN	
69,3	-2,574	-885,5	NAN	
69,4	-2,5905	-888,5	NAN	
69,5	-2,595	-887	NAN	
69,6	-2,601	-891,5	NAN	
69,7	-2,604	-888,5	NAN	
69,8	-2,6025	-888,5	NAN	
69,9	-2,6085	-892,5	NAN	
70	-2,6355	-898	NAN	
70,1	-2,676	-901	NAN	
70,2	-2,706	-907	NAN	
70,3	-2,724	-914,5	NAN	
70,4	-2,739	-919	NAN	
70,5	-2,7615	-921	NAN	
70,6	-2,784	-924,5	NAN	
70,7	-2,811	-927	NAN	
70,8	-2,8245	-935	NAN	
70,9	-2,829	-931,5	NAN	
71	-2,8275	-932,5	NAN	
71,1	-2,8275	-935	NAN	
71,2	-2,8155	-936	NAN	
71,3	-2,8305	-937	NAN	
71,4	-2,844	-934	NAN	
71,5	-2,88	-943	NAN	
71,6	-2,91	-947	NAN	
71,7	-2,928	-953	NAN	
71,8	-2,94	-952	NAN	
71,9	-2,949	-952,5	NAN	
72	-2,9625	-955	NAN	
72,1	-2,9685	-958,5	NAN	
72,2	-2,9685	-961	NAN	
72,3	-2,964	-956	NAN	
72,4	-2,9625	-959	NAN	
72,5	-2,9715	-956	NAN	
72,6	-2,976	-961,5	NAN	
72,7	-2,9895	-959,5	NAN	
72,8	-3,006	-962	NAN	
72,9	-3,015	-963	NAN	
73	-3,0315	-968	NAN	
73,1	-3,048	-972	NAN	
73,2	-3,057	-974,5	NAN	
73,3	-3,057	-971	NAN	
73,4	-3,054	-972	NAN	
73,5	-3,054	-972	NAN	
73,6	-3,051	-974,5	NAN	
73,7	-3,0345	-973,5	NAN	
73,8	-3,006	-971	NAN	
73,9	-2,9985	-970,5	NAN	
74	-2,997	-965,5	NAN	
74,1	-2,961	-967	NAN	
74,2	-2,9535	-965	NAN	
74,3	-2,9535	-962,5	NAN	
74,4	-2,9565	-962	NAN	
74,5	-2,961	-967	NAN	
74,6	-2,961	-967,5	NAN	
74,7	-2,9625	-962,5	NAN	
74,8	-2,934	-965	NAN	
74,9	-2,8935	-960	NAN	
75	-2,8635	-958	NAN	
75,1	-2,829	-950,5	NAN	
75,2	-2,8245	-952	NAN	
75,3	-2,811	-949,5	NAN	
75,4	-2,7885	-950,5	NAN	
75,5	-2,7645	-946,5	NAN	
75,6	-2,7495	-941,5	NAN	
75,7	-2,7	-941	NAN	
75,8	-2,7045	-937,5	NAN	
75,9	-2,6775	-934,5	NAN	
76	-2,67	-931	NAN	
76,1	-2,6475	-928	NAN	
76,2	-2,637	-927	NAN	
76,3	-2,616	-925	NAN	
76,4	-2,6025	-926,5	NAN	
76,5	-2,5755	-922	NAN	
76,6	-2,565	-921	NAN	
76,7	-2,5485	-917,5	NAN	
76,8	-2,541	-917,5	NAN	
76,901	-2,5335	-913,5	NAN	
77,001	-2,511	-911,5	NAN	
77,101	-2,49	-908,5	NAN	
77,201	-2,4765	-906	NAN	
77,301	-2,4585	-904,5	NAN	
77,401	-2,4555	-903,5	NAN	
77,501	-2,454	-901,5	NAN	
77,601	-2,4555	-901	NAN	
77,701	-2,4585	-902	NAN	
77,801	-2,457	-902,5	NAN	
77,901	-2,439	-901	NAN	
78,001	-2,4225	-894,5	NAN	
78,101	-2,388	-893	NAN	
78,201	-2,352	-884	NAN	
78,301	-2,331	-882,5	NAN	
78,401	-2,31	-875	NAN	
78,501	-2,298	-875,5	NAN	
78,601	-2,271	-871	NAN	
78,701	-2,247	-862,5	NAN	
78,801	-2,2395	-861,5	NAN	
78,901	-2,229	-859,5	NAN	
79,001	-2,226	-856,5	NAN	
79,101	-2,2215	-857	NAN	
79,201	-2,217	-857,5	NAN	
79,301	-2,187	-851	NAN	
79,401	-2,1495	-844	NAN	
79,501	-2,0865	-833,5	NAN	
79,601	-2,04	-824,5	NAN	
79,701	-2,004	-814,5	NAN	
79,801	-1,9425	-799,5	NAN	
79,901	-1,908	-789,5	NAN	
80,001	-1,8705	-780,5	NAN	
80,101	-1,8375	-771,5	NAN	
80,201	-1,818	-764,5	NAN	
80,301	-1,7985	-758	NAN	
80,401	-1,8015	-756,5	NAN	
80,501	-1,7985	-755,5	NAN	
80,601	-1,8015	-755,5	NAN	
80,701	-1,7895	-754,5	NAN	
80,801	-1,755	-748	NAN	
80,901	-1,698	-735	NAN	
81,001	-1,6605	-723	NAN	
81,101	-1,6335	-714	NAN	
81,201	-1,6035	-705	NAN	
81,301	-1,5555	-692,5	NAN	
81,401	-1,53	-684	NAN	
81,501	-1,5015	-675,5	NAN	
81,601	-1,479	-668,5	NAN	
81,701	-1,4565	-661,5	NAN	
81,801	-1,449	-657	NAN	
81,901	-1,4355	-653	NAN	
82,001	-1,425	-649	NAN	
82,101	-1,407	-643	NAN	
82,201	-1,3965	-640,5	NAN	
82,301	-1,386	-637	NAN	
82,401	-1,3725	-632,5	NAN	
82,501	-1,359	-629,5	NAN	
82,601	-1,35	-626	NAN	
82,701	-1,335	-621	NAN	
82,801	-1,32	-616	NAN	
82,901	-1,3215	-614,5	NAN	
83,001	-1,3215	-614	NAN	
83,101	-1,32	-614	NAN	
83,201	-1,317	-613,5	NAN	
83,301	-1,278	-604,5	NAN	
83,401	-1,2345	-592,5	NAN	
83,501	-1,2225	-586	NAN	
83,601	-1,191	-577,5	NAN	
83,701	-1,176	-571	NAN	
83,801	-1,1355	-560	NAN	
83,901	-1,107	-549,5	NAN	
84,001	-1,0965	-543	NAN	
84,101	-1,0815	-537,5	NAN	
84,201	-1,0605	-531,5	NAN	
84,301	-1,047	-526	NAN	
84,401	-1,0185	-519	NAN	
84,501	-0,9975	-511	NAN	
84,601	-0,96	-497	NAN	
84,701	-0,9405	-490	NAN	
84,801	-0,9015	-477,5	NAN	
84,901	-0,876	-467,5	NAN	
85,001	-0,8715	-462,5	NAN	
85,101	-0,8715	-461	NAN	
85,201	-0,873	-460	NAN	
85,301	-0,8715	-459,5	NAN	
85,401	-0,8685	-458,5	NAN	
85,501	-0,828	-449,5	NAN	
85,601	-0,774	-430	NAN	
85,701	-0,7215	-411	NAN	
85,801	-0,6345	-381,5	NAN	
85,901	-0,633	-371,5	NAN	
86,001	-0,6135	-365	NAN	
86,101	-0,591	-354,5	NAN	
86,201	-0,567	-343	NAN	
86,301	-0,543	-332	NAN	
86,401	-0,513	-321,5	NAN	
86,501	-0,4725	-306,5	NAN	
86,601	-0,471	-299	NAN	
86,701	-0,474	-297	NAN	
86,801	-0,471	-295,5	NAN	
86,901	-0,471	-295	NAN	
87,001	-0,447	-291	NAN	
87,101	-0,3765	-263,5	NAN	
87,201	-0,3045	-230	NAN	
87,301	-0,228	-193,5	NAN	
87,401	-0,1995	-172	NAN	
87,501	-0,1575	-153,5	NAN	
87,601	-0,1335	-140	NAN	
87,701	-0,1095	-129	NAN	
87,801	-0,111	-122	NAN	
87,901	-0,1095	-119,5	NAN	
88,001	-0,111	-118	NAN	
88,101	-0,1095	-117	NAN	
88,201	-0,066	-107	NAN	
88,301	-0,0015	-78,5	NAN	
88,401	0,0015	-68,5	NAN	
88,501	0	-65	NAN	
88,601	0	-63	NAN	
88,701	0	-62	NAN	
88,801	0,0015	-61,5	NAN	
88,901	0,0015	-61	NAN	
89,001	0,0015	-60,5	NAN	
89,101	0	-60,5	NAN	
89,201	0	-60,5	NAN	
89,301	0	-60,5	NAN	
89,401	0,0015	-60	NAN	
89,501	0	-60	NAN	
89,601	-0,0015	-60	NAN	
89,701	0	-60	NAN	
89,801	0	-60	NAN	
89,901	0	-60	NAN	
90,001	0	-60	NAN	
90,101	0,0015	-60	NAN	
90,201	-0,0015	-60	NAN	
90,301	0	-60	NAN	
90,401	0,0015	-60	NAN	
90,501	0,0015	-60	NAN	
90,601	-0,0015	-60	NAN	
90,701	-0,0015	-60	NAN	
90,801	-0,0015	-59,5	NAN	
90,901	0	-60	NAN	
91,001	0,0015	-59,5	NAN	
91,101	0	-60	NAN	
91,201	-0,0015	-60	NAN	
91,301	0	-60	NAN	
91,401	0	-60	NAN	
91,501	0	-60	NAN	
91,601	0,0015	-59,5	NAN	
91,701	0,0015	-60	NAN	
91,801	0,0015	-59,5	NAN	
91,901	-0,0015	-60	NAN	
92,001	-0,0015	-60	NAN	
92,101	0	-60	NAN	
92,201	0	-60	NAN	
92,301	0	-59,5	NAN	
92,401	0,0015	-60	NAN	
92,501	-0,0015	-60	NAN	
92,601	-0,0015	-60	NAN	
92,701	0	-60	NAN	
92,801	0	-60	NAN	
92,901	0	-59,5	NAN	
93,001	0,0015	-60	NAN	
93,101	0,0015	-60	NAN	
93,201	0	-60	NAN	
93,301	-0,0015	-60	NAN	
93,401	0	-59,5	NAN	
93,501	-0,0015	-59,5	NAN	
93,601	0	-60	NAN	
93,701	0	-60	NAN	
93,801	0	-59,5	NAN	
93,901	-0,0015	-60	NAN	
94,001	0	-59,5	NAN	
94,101	0	-60	NAN	
94,201	0,0015	-60	NAN	
94,301	0,0015	-60	NAN	
94,401	0	-60	NAN	
94,501	0	-60	NAN	
94,601	0,0015	-60	NAN	
94,701	0	-60	NAN	
94,801	0,0015	-60	NAN	
94,901	0	-60	NAN	
95,001	0,0015	-60	NAN	
95,101	0	-60	NAN	
95,201	-0,0015	-60	NAN	
95,301	0	-60	NAN	
95,401	0	-60	NAN	
95,501	0	-60	NAN	
95,601	0,0015	-60	NAN	
95,701	0,003	-60	NAN	
95,801	0	-60	NAN	
95,901	-0,0015	-60	NAN	
96,001	-0,0015	-59,5	NAN	
96,101	0	-60	NAN	
96,201	-0,0015	-59,5	NAN	
96,301	-0,0015	-60	NAN	
96,401	0	-59,5	NAN	
96,501	0	-60	NAN	
96,601	0,0015	-59,5	NAN	
96,701	0	-60	NAN	
96,801	0,0015	-60	NAN	
96,901	0	-60	NAN	
97,001	0	-59,5	NAN	
97,101	0	-60	NAN	
97,201	0	-60	NAN	
97,301	0	-60	NAN	
97,401	0	-60	NAN	
97,501	0,0015	-59,5	NAN	
97,601	0	-60	NAN	
97,701	0	-60	NAN	
97,801	-0,0015	-59,5	NAN	
97,901	-0,0015	-60	NAN	
98,001	-0,0015	-59,5	NAN	
98,101	0	-60	NAN	
98,201	0	-59,5	NAN	
98,301	0,0015	-60	NAN	
98,401	0	-60	NAN	
98,501	0	-60	NAN	
98,601	0	-60	NAN	
98,701	-0,0015	-59,5	NAN	
98,801	0	-60	NAN	
98,901	0	-60	NAN	
99,001	0	-60	NAN	
99,101	-0,0015	-60	NAN	
99,201	0	-60	NAN	
99,301	0	-60	NAN	
99,401	-0,0015	-59,5	NAN	
99,501	-0,0015	-59,5	NAN	
99,601	0	-59,5	NAN	
99,701	-0,0015	-60	NAN	
99,801	0	-60	NAN	
99,901	0	-60	NAN	
100,001	0,0015	-59,5	NAN	
100,101	0	-59,5	NAN	
100,201	0,0015	-59,5	NAN	
100,301	0	-60	NAN	
100,401	0	-59,5	NAN	
100,501	0	-59,5	NAN	
100,601	-0,0015	-60	NAN	
100,701	0,0015	-60	NAN	
100,801	0,0015	-59,5	NAN	
100,901	0,0015	-60	NAN	
101,001	0	-60	NAN	
101,101	0	-59,5	NAN	
101,201	0	-60	NAN	
101,301	-0,0015	-60	NAN	
101,401	-0,0015	-59,5	NAN	
101,501	0,0015	-59,5	NAN	
101,601	0	-60	NAN	
101,701	0,0015	-60	NAN	
101,801	0,0015	-60	NAN	
101,901	-0,0015	-60	NAN	
102,001	0	-59,5	NAN	
102,101	-0,0015	-60	NAN	
102,201	-0,0015	-59,5	NAN	
102,301	0	-59,5	NAN	
102,401	0	-60	NAN	
102,501	0	-60	NAN	
102,601	0	-60	NAN	
102,701	-0,0015	-60	NAN	
102,801	0,0015	-60	NAN	
102,901	0	-59,5	NAN	
103,001	0,0015	-60	NAN	
103,101	-0,0015	-59,5	NAN	
103,201	0	-60	NAN	
103,301	-0,0015	-60	NAN	
103,401	0	-60	NAN	
103,501	0	-59,5	NAN	
103,601	0	-59,5	NAN	
103,701	-0,0015	-60	NAN	
103,801	0	-59,5	NAN	
103,901	0	-60	NAN	
104,001	0	-60	NAN	
104,101	0	-60	NAN	
104,201	0	-59,5	NAN	
104,301	0,0015	-59,5	NAN	
104,401	0,0015	-59,5	NAN	
104,501	0	-60	NAN	
104,601	0,0015	-60	NAN	
104,701	0	-60	NAN	
104,801	0,0015	-60	NAN	
104,901	0	-60	NAN	
105,001	0	-59,5	NAN	
105,101	0	-59,5	NAN	
105,201	0,0015	-60	NAN	
105,301	0	-60	NAN	
105,401	0	-60	NAN	
105,501	0,0015	-60	NAN	
105,601	0,0015	-60	NAN	
105,701	-0,0015	-59,5	NAN	
105,801	0,0015	-59,5	NAN	
105,901	0	-59,5	NAN	
106,001	-0,0015	-59,5	NAN	
106,101	0	-60	NAN	
106,201	-0,0015	-60	NAN	
106,301	0	-60	NAN	
106,401	0,0015	-60	NAN	
106,501	0,0015	-60	NAN	
106,601	-0,0015	-60	NAN	
106,701	0	-60	NAN	
106,801	0	-60	NAN	
106,901	0,0015	-60	NAN	
107,001	-0,0015	-60	NAN	
107,101	-0,0015	-59,5	NAN	
107,201	0	-59,5	NAN	
107,301	0	-59,5	NAN	
107,401	0,0105	-58,5	NAN	
107,501	0,042	-49	NAN	
107,601	0,06	-40,5	NAN	
107,701	0,081	-31	NAN	
107,801	0,102	-20,5	NAN	
107,901	0,126	-9,5	NAN	
108,001	0,141	0	NAN	
108,101	0,159	9	NAN	
108,201	0,1785	18	NAN	
108,301	0,1905	25,5	NAN	
108,401	0,1995	30,5	NAN	
108,501	0,2025	34,5	NAN	
108,601	0,2145	38,5	NAN	
108,701	0,234	46,5	NAN	
108,801	0,252	55,5	NAN	
108,901	0,267	63,5	NAN	
109,001	0,2865	71,5	NAN	
109,101	0,306	80,5	NAN	
109,201	0,3225	89	NAN	
109,301	0,333	95,5	NAN	
109,401	0,3405	99,5	NAN	
109,501	0,345	103,5	NAN	
109,601	0,3495	106	NAN	
109,701	0,3555	109	NAN	
109,801	0,366	113,5	NAN	
109,901	0,381	119,5	NAN	
110,001	0,3915	125	NAN	
110,101	0,399	129,5	NAN	
110,201	0,408	133	NAN	
110,301	0,4185	138	NAN	
110,401	0,4305	143,5	NAN	
110,501	0,4455	150	NAN	
110,601	0,459	157	NAN	
110,701	0,4665	162	NAN	
110,801	0,474	165	NAN	
110,901	0,477	167,5	NAN	
111,001	0,4905	172	NAN	
111,101	0,5175	182,5	NAN	
111,201	0,5385	192,5	NAN	
111,301	0,5625	203	NAN	
111,401	0,5865	213,5	NAN	
111,501	0,603	221,5	NAN	
111,601	0,6165	228,5	NAN	
111,701	0,6375	237,5	NAN	
111,801	0,657	246,5	NAN	
111,901	0,675	254,5	NAN	
112,001	0,687	261,5	NAN	
112,101	0,696	266,5	NAN	
112,201	0,699	270,5	NAN	
112,301	0,7035	273	NAN	
112,401	0,72	278,5	NAN	
112,501	0,738	285,5	NAN	
112,601	0,7605	294,5	NAN	
112,701	0,7875	305	NAN	
112,801	0,8085	314,5	NAN	
112,901	0,825	322,5	NAN	
113,001	0,8415	330,5	NAN	
113,101	0,8565	338	NAN	
113,201	0,8775	346	NAN	
113,301	0,9015	355,5	NAN	
113,401	0,921	364	NAN	
113,501	0,9405	372,5	NAN	
113,601	0,957	380	NAN	
113,701	0,966	385,5	NAN	
113,801	0,972	389	NAN	
113,901	0,9765	392	NAN	
114,001	0,9915	396,5	NAN	
114,101	1,0035	402,5	NAN	
114,201	1,02	408,5	NAN	
114,301	1,038	416	NAN	
114,401	1,0605	424	NAN	
114,501	1,083	432	NAN	
114,601	1,098	439,5	NAN	
114,701	1,1115	446	NAN	
114,801	1,128	452	NAN	
114,901	1,146	458,5	NAN	
115,001	1,1535	463,5	NAN	
115,101	1,161	467	NAN	
115,201	1,1865	473,5	NAN	
115,301	1,2225	485,5	NAN	
115,401	1,254	497	NAN	
115,501	1,2825	508	NAN	
115,601	1,314	519,5	NAN	
115,701	1,356	533	NAN	
115,801	1,383	544,5	NAN	
115,901	1,4025	554	NAN	
116,001	1,419	561	NAN	
116,101	1,4295	566	NAN	
116,201	1,437	569,5	NAN	
116,301	1,4415	572	NAN	
116,401	1,4595	576,5	NAN	
116,501	1,4775	582,5	NAN	
116,601	1,497	589	NAN	
116,701	1,5195	596,5	NAN	
116,801	1,539	603,5	NAN	
116,901	1,5525	608,5	NAN	
117,001	1,5705	614	NAN	
117,101	1,596	622	NAN	
117,201	1,6185	629	NAN	
117,301	1,6335	635,5	NAN	
117,401	1,644	639,5	NAN	
117,501	1,65	642	NAN	
117,601	1,6635	645,5	NAN	
117,701	1,692	653	NAN	
117,801	1,725	662	NAN	
117,901	1,755	671	NAN	
118,001	1,785	681	NAN	
118,101	1,8045	688,5	NAN	
118,201	1,8285	695,5	NAN	
118,301	1,8495	702	NAN	
118,401	1,869	708	NAN	
118,501	1,884	713,5	NAN	
118,601	1,8945	717	NAN	
118,701	1,896	719	NAN	
118,801	1,9125	722,5	NAN	
118,901	1,9515	731,5	NAN	
119,001	1,977	739,5	NAN	
119,101	1,998	746	NAN	
119,201	2,025	753	NAN	
119,301	2,0565	761	NAN	
119,401	2,0895	770	NAN	
119,501	2,1165	777,5	NAN	
119,601	2,1405	785	NAN	
119,701	2,1615	791,5	NAN	
119,801	2,172	795	NAN	
119,901	2,1795	797,5	NAN	
120,001	2,196	801	NAN	
120,101	2,253	811,5	NAN	
120,201	2,2935	822	NAN	
120,301	2,3385	833	NAN	
120,401	2,376	843	NAN	
120,501	2,403	850,5	NAN	
120,601	2,43	857	NAN	
120,701	2,4525	863	NAN	
120,801	2,4675	867	NAN	
120,901	2,4735	869,5	NAN	
121,001	2,502	874	NAN	
121,101	2,5515	882,5	NAN	
121,201	2,6265	897	NAN	
121,301	2,6715	908	NAN	
121,401	2,709	917	NAN	
121,501	2,748	924,5	NAN	
121,601	2,784	931,5	NAN	
121,701	2,8035	936,5	NAN	
121,801	2,8155	940	NAN	
121,901	2,8335	942,5	NAN	
122,001	2,85	945,5	NAN	
122,101	2,841	946	NAN	
122,201	2,8545	946,5	NAN	
122,301	2,871	949,5	NAN	
122,401	2,901	953,5	NAN	
122,501	2,9355	959,5	NAN	
122,601	2,9565	963	NAN	
122,701	2,9985	969,5	NAN	
122,801	3,018	973,5	NAN	
122,901	3,021	975	NAN	
123,001	3,0225	976	NAN	
123,101	3,03	976,5	NAN	
123,201	3,03	976,5	NAN	
123,301	3,024	976,5	NAN	
123,401	3,0315	977	NAN	
123,501	3,0285	976,5	NAN	
123,601	3,0285	977	NAN	
123,701	3,027	977	NAN	
123,801	3,0285	977	NAN	
123,901	3,027	976,5	NAN	
124,001	3,027	976,5	NAN	
124,101	3,0315	977	NAN	
124,201	3,03	977	NAN	
124,301	3,0285	977	NAN	
124,401	3,021	976,5	NAN	
124,501	3,0225	976,5	NAN	
124,601	3,024	976,5	NAN	
124,701	3,0225	976,5	NAN	
124,801	3,0195	976,5	NAN	
124,901	3,024	976,5	NAN	
125,001	3,0195	976,5	NAN	
125,101	3,021	976	NAN	
125,201	3,027	976,5	NAN	
125,301	3,027	977	NAN	
125,401	3,0315	977	NAN	
125,501	3,0315	977,5	NAN	
125,601	3,036	978	NAN	
125,701	3,0345	977,5	NAN	
125,801	3,039	977,5	NAN	
125,901	3,0375	978	NAN	
126,001	3,036	977,5	NAN	
126,101	3,033	977,5	NAN	
126,201	3,0345	977,5	NAN	
126,301	3,0315	978	NAN	
126,401	3,0315	977,5	NAN	
126,501	3,036	977,5	NAN	
126,601	3,0375	978	NAN	
126,701	3,0375	978	NAN	
126,801	3,0375	978	NAN	
126,901	3,0345	978	NAN	
127,001	3,0375	978	NAN	
127,101	3,036	978	NAN	
127,201	3,036	978	NAN	
127,301	3,0345	977,5	NAN	
127,401	3,0345	978	NAN	
127,501	3,036	978	NAN	
127,601	3,036	978	NAN	
127,701	3,0375	978	NAN	
127,801	3,036	978	NAN	
127,901	3,036	978	NAN	
128,001	3,0375	978	NAN	
128,101	3,0345	978	NAN	
128,201	3,039	978	NAN	
128,301	3,036	978	NAN	
128,401	3,0375	978,5	NAN	
128,501	3,039	978	NAN	
128,601	3,036	978	NAN	
128,701	3,039	978	NAN	
128,801	3,039	978	NAN	
128,901	3,039	978	NAN	
129,001	3,0375	978	NAN	
129,101	3,039	978	NAN	
129,201	3,0375	978	NAN	
129,301	3,0345	977,5	NAN	
129,401	3,0345	978	NAN	
129,501	3,0345	978	NAN	
129,601	3,0345	978	NAN	
