0	0,1297366596	47,58975512	0,5810611824	0	46,89015687	-0,005263542833	3,587550683	0	NAN	
0	0,1285470763	47,57228461	0,5806000778	0	46,87820553	-0,004739016513	3,550530942	0	NAN	
0	0,1297366596	47,57611503	0,5775772243	-0,00188988189	46,87536203	-0,004815133973	3,565018161	0,0004265674113	NAN	
0	0,1285470763	47,56945095	0,579140687	0	46,88094355	-0,005002006748	3,541395404	0	NAN	
0	0,1297366596	47,57286182	0,579607872	0	46,88510293	-0,005001568605	3,577307432	0	NAN	
0	0,1297366596	47,58256833	0,5819783163	0	46,88605058	-0,005001468791	3,592670562	0	NAN	
0	0,1297366596	47,57695453	0,5805536055	0	46,88747203	-0,004738091761	3,583452706	0	NAN	
0	0,1297366596	47,57826623	0,5807035392	-0,00188988189	46,89357851	-0,004813287096	3,584476989	0,0004265695056	NAN	
0	0,1285470763	47,58498153	0,5812800811	0	46,89120971	-0,004474512258	3,555638089	0	NAN	
0	0,1285470763	47,58351264	0,5819657733	0	46,88684028	-0,004814493197	3,559722519	0	NAN	
0	0,1285470763	47,56960838	0,5824696102	0	46,88025906	-0,005002078858	3,56176327	0	NAN	
0	0,1285470763	47,57732181	0,581540491	0	46,88415525	-0,005001668425	3,556658387	0	NAN	
0	0,1297366596	47,56750927	0,5798389484	-0,00188988189	46,87035917	-0,004815641436	3,578330971	0,0004265668359	NAN	
0	0,1297366596	47,56262849	0,5825538783	0	46,86877921	-0,004547858579	3,594716598	0	NAN	
0	0,1285470763	47,56210364	0,5837305118	-0,00188988189	46,86740987	-0,004548388389	3,568910468	0,0004028683579	NAN	
0	0,1297366596	47,5547552	0,5821521926	0	46,85835016	-0,005004388041	3,591643308	0	NAN	
0	0,1297366596	47,55785218	0,5809524341	-0,00188988189	46,86361765	-0,005351472698	3,584474706	0,0004739622892	NAN	
0	0,1332614809	47,5554376	0,6024570317	-0,00188988189	46,8463908	0,02355502913	3,817955791	-0,002085424378	NAN	
0	0,1332614809	47,56194619	0,6053408298	-0,00188988189	46,86414436	0,02194079458	3,836756346	-0,001943245662	NAN	
0	0,1332614809	47,56871627	0,605580648	-0,00188988189	46,86561914	0,02113742582	3,838822705	-0,001872152053	NAN	
0	0,1332614809	47,56325829	0,601413582	-0,00188988189	46,85634836	0,01391596031	3,81196992	-0,001232299535	NAN	
0	0,1320937271	47,56325829	0,5999877617	-0,00188988189	46,86224816	0,005084045756	3,769607947	-0,0004502640084	NAN	
0	0,1563330765	47,56105393	0,6905837293	0,009034879006	46,77488786	0,3081949971	5,134742701	0,1302448861	NAN	
0	0,1654994457	47,55480769	0,7193053555	0,007279220614	46,76707717	0,4135120638	5,661144848	0,140771032	NAN	
0	0,1654994457	47,54446547	0,720160098	0,009034879006	46,76359361	0,4115973373	5,666639275	0,1739012786	NAN	
0	0,1654994457	47,55349535	0,7260295667	0,009034879006	46,76227402	0,4238809818	5,713908682	0,1790861066	NAN	
0	0,1664950331	47,54630309	0,7267026025	0,009034879006	46,75747037	0,4317789674	5,752740077	0,182404199	NAN	
0	0,1664950331	47,53170523	0,7270645792	0,01247641299	46,74754481	0,4254330085	5,753838456	0,2481302608	NAN	
0	0,1674862633	47,54262779	0,7266386805	0,01076696831	46,74944561	0,4450281283	5,786032763	0,224004819	NAN	
0	0,1684731932	47,54289032	0,7265293742	0,01076696831	46,75055438	0,4491359987	5,819284178	0,2260778766	NAN	
0	0,1694558781	47,5530754	0,7321855674	0,01247641299	46,76053209	0,4501802579	5,900059774	0,2626368328	NAN	
0	0,1704343724	47,54950562	0,7298146143	0,01247641299	46,7562034	0,4557206601	5,91446883	0,265844512	NAN	
0	0,1714087293	47,53910974	0,7354777825	0,01247641299	46,74965681	0,4663054318	5,993127786	0,2719810486	NAN	
0	0,1723790008	47,55769471	0,7337474232	0,01247641299	46,7578399	0,473902669	6,015223143	0,2764606575	NAN	
0	0,1733452378	47,5530754	0,7357742426	0,01247641299	46,75567548	0,4721858478	6,065060043	0,2754463643	NAN	
0	0,1762202362	47,54105257	0,7418069172	0,01583077707	46,73265258	0,4815505944	6,214632483	0,3562579701	NAN	
0	0,178117618	47,54173517	0,7462053215	0,01583077707	46,7342899	0,4908659903	6,318882052	0,3631623556	NAN	
0	0,178117618	47,53700928	0,7464117143	0,01583077707	46,72694793	0,4881420896	6,320001488	0,3610903683	NAN	
0	0,1790606618	47,53060233	0,7477854197	0,01583077707	46,72087277	0,497288324	6,364297845	0,36780823	NAN	
0	0,1790606618	47,53244048	0,7484155933	0,01583077707	46,72256333	0,4977828043	6,369907498	0,3681872834	NAN	
0	0,1818677324	47,54178768	0,7537929373	0,01747727085	46,72409534	0,5171390222	6,517532781	0,422300726	NAN	
0	0,1827962108	47,55123804	0,7569776407	0,01910427743	46,72916648	0,52630064	6,579790553	0,4698427707	NAN	
0	0,1827962108	47,55171051	0,75878634	0,01910427743	46,72958905	0,5299412809	6,595577637	0,4730971472	NAN	
0	0,1837211521	47,53580148	0,7574520931	0,02071247279	46,71622343	0,5359731477	6,615080767	0,5186121772	NAN	
0	0,1837211521	47,54220774	0,7579964925	0,02071247279	46,71886516	0,546306146	6,620727322	0,5286403663	NAN	
0	0,1846425965	47,54541054	0,7629455095	0,02230249471	46,71886516	0,5553499068	6,697828477	0,5786453043	NAN	
0	0,1855605832	47,53564394	0,7628155448	0,02230249471	46,71241909	0,5572079227	6,72859897	0,5805011527	NAN	
0	0,1864751509	47,54824563	0,7678354683	0,02230249471	46,71204921	0,5687976602	6,80806407	0,5925706894	NAN	
0	0,1882941804	47,55554259	0,7721016566	0,02543039572	46,71173216	0,5853444632	6,913731714	0,6953294198	NAN	
0	0,190998008	47,47942076	0,7755767991	0,02696938457	46,62970464	0,5843268479	7,033298647	0,7348345065	NAN	
0	0,1918928344	47,4605422	0,7763859723	0,02696938457	46,6127631	0,590589417	7,070809439	0,7424403115	NAN	
0	0,1963201124	47,46532828	0,7808727998	0,02849242405	46,61345147	0,6114816609	7,27648399	0,8121272763	NAN	
0	0,197196423	47,4550718	0,7836569202	0,02849242405	46,60391933	0,6167410831	7,333438272	0,8189449708	NAN	
0	0,2015339366	47,46911473	0,7876844906	0,03297058541	46,5992055	0,6315710662	7,535492033	0,9703477344	NAN	
0	0,2032489316	47,4718492	0,7916166162	0,03443445211	46,60365452	0,6465135402	7,637994167	1,037506381	NAN	
0	0,2058006772	47,48720139	0,7977659716	0,03732132723	46,60857973	0,6578100148	7,79648563	1,144256611	NAN	
0	0,2083281573	47,49435003	0,8015328573	0,04015617378	46,62610507	0,6685350753	7,930695058	1,251715589	NAN	
0	0,2091653767	47,49771372	0,8032007521	0,04015617378	46,61721085	0,6738182847	7,979700824	1,261366819	NAN	
0	0,2116615541	47,51274233	0,8049683745	0,04155494421	46,61482818	0,6835532611	8,095261765	1,324095016	NAN	
0	0,2149545417	47,51521161	0,8099608668	0,04431676725	46,61985811	0,6957713567	8,272624842	1,437492429	NAN	
0	0,2238133189	47,51226947	0,8180495295	0,05102631376	46,59316688	0,7236776324	8,699039484	1,720527326	NAN	
0	0,2253944639	47,50880172	0,8224138771	0,0523368794	46,58013353	0,730917466	8,80658946	1,781873599	NAN	
0	0,2293095228	47,50380981	0,8246655345	0,05621010187	46,58929963	0,732571324	8,98314431	1,918449929	NAN	
0	0,2300861941	47,49424491	0,8264278965	0,05748239349	46,58045146	0,7383833198	9,031014018	1,97706257	NAN	
0	0,2362262649	47,50375726	0,8323395083	0,06371173071	46,55453319	0,7613553192	9,340210279	2,258233081	NAN	
0	0,2384962311	47,49876483	0,8350758385	0,06493242009	46,56025869	0,7655254291	9,45996991	2,314390276	NAN	
0	0,24	47,48751679	0,8344507799	0,06614510469	46,55495732	0,7676301623	9,510238901	2,363826908	NAN	
0	0,2429851482	47,49456027	0,8409941842	0,06973665961	46,52706229	0,7795470147	9,705470477	2,529350911	NAN	
0	0,2481395788	47,49340395	0,8426019753	0,07209372712	46,52817629	0,7840471449	9,93005859	2,629999624	NAN	
0	0,2495965116	47,47905273	0,8432713045	0,0732614809	46,52074915	0,788656544	9,993275927	2,687882652	NAN	
0	0,250322413	47,47878985	0,8463861785	0,07442222095	46,4987261	0,7949622202	10,05930417	2,750997343	NAN	
0	0,2617141588	47,49303602	0,8543039571	0,08457272545	46,51332083	0,8164471871	10,61865644	3,211705909	NAN	
0	0,2686335345	47,52361671	0,8589873374	0,09106870919	46,49989384	0,824589201	10,96620784	3,491875776	NAN	
0	0,269317476	47,51479132	0,8605210876	0,09213203436	46,50127387	0,8283884698	11,01171289	3,549029069	NAN	
0	0,2713608305	47,49886994	0,8615912039	0,09424285286	46,49453259	0,8355086203	11,10533576	3,661012785	NAN	
0	0,2872751071	47,51353041	0,8742816372	0,1133452378	46,45220505	0,8622049587	11,93346746	4,539626563	NAN	
0	0,3031115531	47,50123484	0,8795627943	0,1237211521	46,40590388	0,8709593161	12,66409733	5,000518758	NAN	
0	0,3092560088	47,50864409	0,8825506843	0,1291987159	46,39026495	0,8759244753	12,96672912	5,249908229	NAN	
0	0,3128940868	47,50465059	0,8846671334	0,1345584412	46,38824321	0,8841979025	13,14962527	5,519101146	NAN	
0	0,3218376618	47,49718816	0,8867923305	0,1415339366	46,36360293	0,8900413108	13,55584808	5,840471764	NAN	
0	0,3259404099	47,50496588	0,8893124295	0,1441022529	46,34683163	0,8921050517	13,76992517	5,958086712	NAN	
0	0,3317269457	47,49482306	0,8916581538	0,1508320513	46,34635236	0,9014840324	14,04835294	6,301838008	NAN	
0	0,3345883931	47,47989394	0,8920254933	0,1557716447	46,33010761	0,8997496563	14,1709145	6,493418643	NAN	
0	0,3351581962	47,48846299	0,8936117165	0,1565863337	46,31034001	0,9001323291	14,22285597	6,527369314	NAN	
0	0,3447221269	47,48825273	0,897514135	0,163019434	46,30890107	0,9054596053	14,6925321	6,835541686	NAN	
0	0,3485951542	47,47558255	0,8984317588	0,166966897	46,29109724	0,9085036382	14,86882821	7,021898087	NAN	
0	0,3529769969	47,46722154	0,9014012412	0,1784962311	46,24629121	0,9145817301	15,10283115	7,549678917	NAN	
0	0,3679602785	47,47563513	0,9040715332	0,1852048492	46,23252075	0,9179339269	15,79335935	7,859797349	NAN	
0	0,3695346319	47,462909	0,90393772	0,1866757245	46,23113281	0,9199294069	15,85433416	7,93920256	NAN	
0	0,3695346319	47,45565043	0,904443167	0,187408523	46,22563401	0,9244680848	15,86077331	8,008738935	NAN	
0	0,3824364361	47,47274313	0,9082025064	0,2003123476	46,1903302	0,9279720413	16,48869504	8,586055258	NAN	
0	0,3839594576	47,4679052	0,9083772501	0,2010140184	46,20133545	0,9268242018	16,5558577	8,607523961	NAN	
0	0,4415476049	47,42781561	0,9195403418	0,2600657838	46,00407707	0,9488152892	19,25668133	11,35170806	NAN	
0	0,456139516	47,43613093	0,9251925599	0,3	45,87741387	0,9586069387	20,01884828	13,19352218	NAN	
0	0,48207933	47,42865774	0,9273118484	0,3178355856	45,84265281	0,9605962235	21,20240635	13,99629657	NAN	
0	0,5377457654	47,40912715	0,9304682393	0,3529164831	45,71808502	0,966509941	23,72141067	15,59431487	NAN	
0	0,533211598	47,41386577	0,9305107365	0,3466904756	45,7474379	0,9658154884	23,52482176	15,31802778	NAN	
0	0,5263446086	47,39074737	0,9301704661	0,3408687449	45,74759972	0,9650208562	23,20204595	15,04846469	NAN	
0	0,5221082374	47,41191772	0,9293043753	0,3379301257	45,76555834	0,9644084713	23,0041425	14,91511793	NAN	
0	0,5213346713	47,40728422	0,9289470434	0,3379301257	45,77731126	0,9638815529	22,95898278	14,91079706	NAN	
0	0,5213346713	47,41481343	0,9298865118	0,3374385205	45,76917079	0,9640967766	22,98585183	14,88978179	NAN	
0	0,5217215829	47,41291808	0,9293051231	0,3374385205	45,77892841	0,9643181593	22,98760997	14,896376	NAN	
0	0,5217215829	47,40128106	0,9296415624	0,3374385205	45,78027598	0,9643608421	22,99028813	14,89747386	NAN	
0	0,5221082374	47,40565186	0,9294473525	0,3374385205	45,76539658	0,9637509138	23,00464113	14,88321279	NAN	
0	0,5213346713	47,41307603	0,9293771357	0,3379301257	45,78997737	0,9639714306	22,97241877	14,91631347	NAN	
0	0,5213346713	47,40860061	0,9294647393	0,3379301257	45,7855581	0,9645886394	22,97241554	14,92442352	NAN	
0	0,5209475019	47,42418378	0,9296702864	0,3374385205	45,77925183	0,9639579222	22,96797862	14,89091641	NAN	
0	0,5213346713	47,41886713	0,9292638032	0,3379301257	45,79207907	0,9635747244	22,97242294	14,91085927	NAN	
0	0,5213346713	47,40417742	0,9290078346	0,3379301257	45,7651809	0,964345674	22,95898054	14,91402373	NAN	
0	0,5221082374	47,41607696	0,9292772446	0,3379301257	45,77682611	0,9641035271	23,00548889	14,91407283	NAN	
0	0,5217215829	47,40096509	0,9295934325	0,3374385205	45,77003343	0,9643617075	22,98894462	14,89415417	NAN	
0	0,5217215829	47,42018319	0,9297937524	0,3374385205	45,77558625	0,9645997792	23,00322113	14,8996385	NAN	
0	0,5213346713	47,40554655	0,9293614841	0,3374385205	45,78604316	0,9639581744	22,96838379	14,89312937	NAN	
0	0,5205600744	47,39775254	0,9298833774	0,3374385205	45,75126751	0,9639031996	22,94336368	14,88096895	NAN	
0	0,5213346713	47,39554049	0,9291768763	0,3374385205	45,76259268	0,9643042945	22,95897431	14,89084628	NAN	
0	0,5209475019	47,3810543	0,9294270165	0,3374385205	45,76059749	0,9641336017	22,94108597	14,88756133	NAN	
0	0,5213346713	47,39190619	0,9293023893	0,3374385205	45,75218441	0,9639548763	22,96031487	14,88206499	NAN	
0	0,5221082374	47,39927984	0,929171798	0,3374385205	45,77817375	0,964545963	22,99472967	14,89964939	NAN	
0	0,5213346713	47,41618225	0,9296423619	0,3374385205	45,76927862	0,9640945347	22,98048009	14,88978225	NAN	
0	0,5217215829	47,42134129	0,9294660677	0,3374385205	45,77876669	0,9646750379	22,99567575	14,90183627	NAN	
0	0,5248076607	47,39769987	0,9295605955	0,341356695	45,76275445	0,9647370092	23,12251863	15,07056453	NAN	
0	0,5384981203	47,3994905	0,930807145	0,35386707	45,72833906	0,9668173576	23,75842098	15,64480002	NAN	
0	0,5381220611	47,3708323	0,9308977666	0,354341649	45,70685694	0,9666395699	23,72978485	15,65554277	NAN	
0	0,54	47,39222223	0,9312484933	0,3567074575	45,69292603	0,9672296055	23,83232519	15,76488256	NAN	
0	0,542245797	47,39411841	0,931783798	0,3581213235	45,70226776	0,9676303976	23,94615549	15,83716474	NAN	
0	0,548194048	47,40064911	0,9319994397	0,3628043082	45,67753235	0,9671488944	24,2177759	16,02759682	NAN	
0	0,5504096985	47,40533591	0,9319927462	0,3651288489	45,70415748	0,9676371367	24,31788713	16,14783798	NAN	
0	0,553351449	47,39759454	0,9321047397	0,367903679	45,68039542	0,9680087162	24,4468028	16,26834048	NAN	
0	0,5555485359	47,41123326	0,9324627474	0,3697448315	45,67515532	0,9690456875	24,56036123	16,36539146	NAN	
0	0,5581019333	47,40644172	0,9324869279	0,3724936548	45,6818539	0,9695518992	24,67139111	16,49808972	NAN	
0	0,5588295403	47,39806854	0,9326271577	0,373862329	45,68012532	0,9685060813	24,70290668	16,54022244	NAN	
0	0,5591930232	47,40691563	0,9324672609	0,3747726751	45,65980977	0,9687571207	24,71934946	16,57741937	NAN	
0	0,5624548176	47,41218098	0,9328577037	0,3774937186	45,67326442	0,9700852003	24,87671192	16,72559828	NAN	
0	0,5638990303	47,39891119	0,9329337448	0,3792995093	45,66424105	0,9700769936	24,93563977	16,80214506	NAN	
0	0,5692853089	47,40807406	0,9333718516	0,3846781152	45,62769733	0,9704627521	25,19051164	17,03353953	NAN	
0	0,5728506933	47,41070674	0,9337358561	0,3864582905	45,64067474	0,971007564	25,35957136	17,12684225	NAN	
0	0,5763961031	47,40607312	0,9330430428	0,39	45,62223491	0,971648489	25,49509866	17,28822249	NAN	
0	0,5802733791	47,41328663	0,9339726162	0,397880295	45,60741283	0,9717128636	25,69607855	17,63298427	NAN	
0	0,5841273166	47,37562743	0,9344605599	0,398748494	45,5878772	0,9723124068	25,8596991	17,67478961	NAN	
0	0,5865678619	47,37104308	0,9342018426	0,4009126606	45,56286386	0,9720412	25,95804205	17,75601316	NAN	
0	0,5896922348	47,37778772	0,9344429836	0,403497851	45,54791436	0,9723511366	26,10676104	17,87034133	NAN	
0	0,5958963333	47,3935917	0,9348842379	0,409905652	45,56627557	0,9727650176	26,40268981	18,16918233	NAN	
0	0,6037394067	47,38416262	0,9348786915	0,4187485499	45,51735031	0,9735706066	26,74471627	18,55657163	NAN	
0	0,6101492371	47,37936835	0,935559048	0,4241507144	45,50450086	0,9742784478	27,04559513	18,80432088	NAN	
0	0,6138323234	47,3708323	0,9356804319	0,427859471	45,48530134	0,9749105176	27,20747985	18,9730426	NAN	
0	0,6181592733	47,37631241	0,9359430076	0,4315432893	45,47217164	0,9751760209	27,41012693	19,13608436	NAN	
0	0,6241052551	47,37130656	0,9362713892	0,4392405565	45,46419434	0,9756314786	27,68056529	19,48308552	NAN	
0	0,6267313885	47,36097704	0,9361738162	0,4424499978	45,42922984	0,9758145609	27,78808312	19,61403138	NAN	
0	0,6303260099	47,3720443	0,9365677448	0,4428498912	45,42933847	0,9762190263	27,9657552	19,63994299	NAN	
0	0,63	47,37399398	0,9367884677	0,4440478703	45,43612712	0,975908284	27,95902907	19,68974546	NAN	
0	0,636491206	47,36060809	0,9367650971	0,4503946003	45,4201043	0,9765284594	28,23841904	19,97681313	NAN	
0	0,6432424902	47,37647048	0,9368573202	0,458230058	45,38858554	0,977211835	28,55031354	20,32445649	NAN	
0	0,6508797367	47,37167543	0,9369376266	0,4636522938	45,39869563	0,977809856	28,88884485	20,58212438	NAN	
0	0,6505631569	47,36735421	0,9373514489	0,4644227922	45,38119181	0,9777855626	28,88491185	20,607867	NAN	
0	0,6571819853	47,38890373	0,9375776591	0,4697880975	45,36623761	0,9780032329	29,19910652	20,84371195	NAN	
0	0,658748913	47,38490016	0,9374596316	0,4720726307	45,36846745	0,9785697312	29,26256942	20,95823517	NAN	
0	0,6612489168	47,36324341	0,9377496953	0,4754829972	45,34959195	0,9780463297	29,36928274	21,08957379	NAN	
0	0,665913218	47,36577317	0,9378166139	0,4811239473	45,31862367	0,9789229844	29,58013751	21,34431449	NAN	
0	0,6818557811	47,35560058	0,9378548401	0,4962791575	45,28191365	0,9798038714	30,28304208	22,01861306	NAN	
0	0,6863913183	47,34273678	0,9376222427	0,5013694553	45,25733311	0,9801944535	30,46863814	22,24124384	NAN	
0	0,6908994606	47,3488528	0,9380232955	0,5042595614	45,22832094	0,9800809081	30,68583453	22,35252227	NAN	
0	0,6971657678	47,34115493	0,9384338369	0,5096427559	45,22292003	0,9804669247	30,97266403	22,59734438	NAN	
0	0,7030858405	47,3501708	0,9389352017	0,5163961031	45,19475953	0,9810556561	31,25831211	22,89626707	NAN	
0	0,7077890335	47,33714732	0,9385087745	0,5220280368	45,19066499	0,9812104902	31,44446784	23,14753467	NAN	
0	0,711589269	47,34437131	0,9384591939	0,5248255578	45,16751031	0,9811073724	31,61645241	23,25721285	NAN	
0	0,7144998386	47,36044997	0,9386579525	0,5276109943	45,1712792	0,9813108446	31,76327823	23,38744745	NAN	
0	0,7171100308	47,35365015	0,9387029139	0,5331462317	45,15909746	0,9819863088	31,87626471	23,64269776	NAN	
0	0,722879301	47,35423002	0,938792713	0,5365820588	45,14636598	0,9823132622	32,13618202	23,79627356	NAN	
0	0,7308855796	47,37625972	0,9388110046	0,5437394067	45,14483577	0,9826711386	32,50785664	24,1216542	NAN	
0	0,735424415	47,36487723	0,9389653379	0,5481317235	45,13641875	0,9826247426	32,70724922	24,31082692	NAN	
0	0,7399374976	47,36213659	0,939412366	0,5558328196	45,08938608	0,9830662585	32,92172593	24,63776445	NAN	
0	0,7427452896	47,36919868	0,9391404388	0,5551666461	45,09945295	0,9830902393	33,04201208	24,61433032	NAN	
0	0,7452639319	47,34785109	0,9389422387	0,5581592733	45,06858877	0,9831428077	33,13212208	24,73140048	NAN	
0	0,7449844719	47,35296484	0,9391669212	0,5584909727	45,08621236	0,9832025294	33,13120139	24,75727821	NAN	
0	0,7424649525	47,34558399	0,9390948533	0,5541661516	45,09956236	0,9831836009	33,01147245	24,57236452	NAN	
